0,40,10,1,40,12,2,40,8,3,40,14,4,40,10,5,40,12,6,40,16,7,40,6,8,40,8,9,40,14,10,40,8,11,40,14,12
0,178,7,1,178,9,2,178,5,3,178,11,4,178,7,5,178,9,6,178,13,7,178,3,8,178,5,9,178,11,10,178,5,11,178,11,12
0,203,23,1,203,25,2,203,22,3,203,27,4,203,23,5,203,25,6,203,29,7,203,19,8,203,21,9,203,27,10,203,21,11,203,27,12
0,227,16,1,227,18,2,227,14,3,227,20,4,227,16,5,227,18,6,227,22,7,227,12,8,227,14,9,227,20,10,227,14,11,227,20,12
0,215,22,1,215,24,2,215,20,3,215,26,4,215,22,5,215,24,6,215,28,7,215,18,8,215,20,9,215,26,10,215,20,11,215,26,12
0,189,22,1,189,24,2,189,20,3,189,26,4,189,22,5,189,24,6,189,28,7,189,18,8,189,20,9,189,26,10,189,20,11,189,26,12
0,212,22,1,212,24,2,212,20,3,212,26,4,212,22,5,212,24,6,212,28,7,212,18,8,212,20,9,212,26,10,212,20,11,212,26,12
0,233,22,1,233,24,2,233,20,3,233,26,4,233,22,5,233,24,6,233,28,7,233,18,8,233,20,9,233,26,10,233,20,11,233,26,12
0,234,22,1,234,24,2,234,20,3,234,26,4,234,22,5,234,24,6,234,28,7,234,18,8,234,20,9,234,26,10,234,20,11,234,26,12
0,16,37,1,69,35,2,15,32,3,68,30,4,47,34,5,95,34,6,101,35,7,78,31,8,48,37,9,96,37,10,48,40,11,96,40,12
0,15,32,1,68,31,2,15,29,3,69,36,4,16,34,5,51,31,6,47,34,7,78,31,8,16,37,9,52,37,10,16,40,11,52,40,12
0,20,31,1,68,30,2,68,32,3,69,36,4,21,36,5,51,31,6,69,38,7,78,31,8,79,37,9,52,37,10,79,40,11,52,40,12
0,81,49,1,46,49,2,41,46,3,66,46,4,56,52,5,131,52,6,100,58,7,46,58,8,41,55,9,201,55,10,56,61,11,131,61,12
0,41,49,1,66,49,2,81,52,3,46,52,4,63,55,5,131,55,6,41,58,7,201,58,8,100,61,9,46,61,10,63,64,11,131,64,12
0,63,58,1,131,58,2,81,55,3,46,55,4,41,52,5,66,52,6,63,67,7,131,67,8,100,64,9,46,64,10,41,61,11,201,61,12
0,49,18,1,49,19,2,49,17,3,49,15,4,49,16,5,49,20,6,49,21,7,49,22,8,49,17,9,50,29,10,49,17,11,50,31,12
0,15,44,1,160,10,2,16,48,3,186,10,4,160,15,5,51,41,6,186,15,7,78,41,8,16,50,9,52,47,10,16,50,11,52,50,12
0,85,43,1,41,45,2,85,45,3,85,47,4,40,40,5,86,49,6,86,51,7,78,41,8,41,48,9,86,53,10,41,48,11,86,53,12
0,219,25,1,41,45,2,85,45,3,219,27,4,40,40,5,219,29,6,214,30,7,219,31,8,41,48,9,219,23,10,41,48,11,219,23,12
0,219,25,1,41,45,2,85,45,3,219,27,4,40,40,5,219,29,6,214,30,7,219,31,8,41,48,9,219,23,10,41,48,11,219,23,12
0,85,43,1,41,45,2,85,45,3,85,47,4,40,40,5,86,49,6,86,51,7,78,41,8,41,48,9,86,53,10,41,48,11,86,53,12
0,20,32,1,76,34,2,21,36,3,76,31,4,73,31,5,51,31,6,20,30,7,78,34,8,77,37,9,52,37,10,77,40,11,52,40,12
0,91,40,1,40,37,2,92,44,3,92,46,4,41,41,5,41,43,6,91,38,7,92,48,8,92,50,9,199,22,10,92,52,11,199,22,12
0,186,10,1,186,12,2,186,8,3,186,14,4,186,10,5,186,12,6,186,16,7,186,6,8,186,8,9,186,14,10,186,8,11,186,14,12
0,76,30,1,21,38,2,76,33,3,20,32,4,65,35,5,73,33,6,76,36,7,21,40,8,125,38,9,77,39,10,125,40,11,77,42,12
0,73,33,1,65,35,2,73,29,3,73,31,4,65,31,5,65,33,6,73,35,7,65,37,8,73,37,9,65,39,10,73,37,11,65,39,12
0,73,34,1,65,36,2,73,30,3,73,32,4,65,32,5,65,34,6,66,38,7,66,38,8,66,40,9,66,40,10,66,40,11,66,40,12
0,73,33,1,65,35,2,73,29,3,73,31,4,65,31,5,65,33,6,73,35,7,65,37,8,73,37,9,65,39,10,73,37,11,65,39,12
0,73,36,1,65,38,2,73,32,3,73,34,4,65,34,5,65,36,6,73,38,7,66,40,8,73,40,9,66,42,10,73,40,11,66,42,12
0,73,38,1,73,36,2,73,34,3,73,40,4,217,24,5,217,26,6,73,42,7,217,28,8,73,42,9,217,30,10,73,42,11,217,30,12
0,73,40,1,217,26,2,73,42,3,217,24,4,217,28,5,217,30,6,73,44,7,217,32,8,73,44,9,217,22,10,73,44,11,217,22,12
0,217,26,1,217,28,2,217,30,3,217,32,4,217,24,5,217,22,6,217,20,7,217,34,8,217,36,9,217,18,10,217,36,11,217,18,12
0,40,7,1,40,8,2,73,7,3,40,9,4,40,10,5,73,8,6,73,9,7,45,8,8,40,7,9,40,7,10,40,7,11,34,8,12
0,45,7,1,45,8,2,45,5,3,45,6,4,45,9,5,45,10,6,45,7,7,45,8,8,45,5,9,45,6,10,45,9,11,45,10,12
0,40,8,1,73,9,2,40,9,3,40,10,4,73,10,5,45,10,6,45,12,7,34,10,8,40,11,9,40,11,10,40,11,11,34,12,12
0,164,9,1,13,9,2,164,14,3,9,6,4,12,6,5,213,15,6,10,9,7,213,20,8,166,9,9,213,25,10,166,14,11,213,30,12
0,87,28,1,19,32,2,87,30,3,19,36,4,36,30,5,18,28,6,108,28,7,88,32,8,36,32,9,18,26,10,36,32,11,18,26,12
0,87,28,1,19,34,2,87,30,3,131,30,4,36,30,5,19,38,6,108,28,7,88,34,8,36,32,9,18,26,10,36,32,11,18,26,12
0,91,15,1,91,16,2,91,17,3,91,13,4,91,14,5,91,18,6,91,19,7,103,15,8,91,17,9,103,17,10,91,17,11,92,20,12
0,91,15,1,91,16,2,91,17,3,91,13,4,91,14,5,91,18,6,92,20,7,103,15,8,91,17,9,103,17,10,91,17,11,91,19,12
0,91,15,1,91,16,2,91,17,3,91,13,4,91,14,5,91,18,6,92,20,7,103,15,8,91,17,9,103,17,10,91,17,11,91,19,12
0,91,16,1,91,17,2,91,18,3,91,14,4,91,15,5,91,19,6,92,21,7,103,17,8,91,18,9,103,19,10,91,18,11,92,23,12
0,91,16,1,91,17,2,91,18,3,91,15,4,91,19,5,92,23,6,103,17,7,103,19,8,91,18,9,92,23,10,91,18,11,92,25,12
0,99,22,1,80,22,2,99,25,3,80,25,4,24,22,5,24,24,6,81,31,7,81,34,8,24,26,9,81,31,10,24,26,11,81,34,12
0,40,15,1,73,16,2,55,16,3,73,17,4,40,16,5,65,16,6,55,17,7,65,17,8,73,15,9,94,13,10,73,15,11,94,15,12
0,40,16,1,73,17,2,55,17,3,73,16,4,40,15,5,65,17,6,55,16,7,94,13,8,73,15,9,94,15,10,73,15,11,94,17,12
0,15,3,1,18,3,2,15,3,3,18,3,4,15,2,5,18,2,6,15,3,7,18,3,8,15,4,9,18,4,10,15,5,11,18,4,12
0,18,3,1,15,3,2,18,4,3,15,4,4,18,2,5,15,2,6,18,5,7,15,5,8,9,4,9,12,4,10,9,5,11,12,5,12
0,20,6,1,15,6,2,20,7,3,55,7,4,28,6,5,15,7,6,20,8,7,38,3,8,28,7,9,38,5,10,31,6,11,38,7,12
0,20,10,1,18,10,2,26,6,3,26,10,4,20,8,5,18,8,6,20,12,7,18,12,8,55,10,9,26,8,10,55,12,11,26,12,12
0,51,10,1,15,13,2,68,13,3,51,12,4,68,15,5,15,15,6,68,16,7,15,16,8,15,15,9,51,14,10,15,15,11,51,16,12
0,51,10,1,15,13,2,68,13,3,51,12,4,68,15,5,15,15,6,68,16,7,15,16,8,15,15,9,51,14,10,15,15,11,51,16,12
0,15,19,1,51,17,2,68,19,3,51,18,4,15,22,5,68,22,6,36,18,7,36,20,8,51,17,9,51,19,10,51,17,11,51,20,12
0,15,18,1,51,18,2,36,16,3,15,20,4,51,20,5,26,17,6,36,17,7,26,19,8,26,17,9,36,15,10,26,17,11,36,18,12
0,20,16,1,18,16,2,26,11,3,26,15,4,20,13,5,18,14,6,20,17,7,18,17,8,18,14,9,26,13,10,18,14,11,26,17,12
0,20,16,1,99,16,2,26,11,3,26,15,4,20,13,5,99,14,6,20,17,7,99,17,8,99,14,9,26,13,10,99,14,11,26,17,12
0,26,14,1,20,15,2,26,12,3,20,13,4,95,11,5,95,13,6,26,15,7,20,17,8,26,12,9,95,15,10,26,12,11,95,15,12
0,68,24,1,47,24,2,68,22,3,15,23,4,15,25,5,47,26,6,68,26,7,15,27,8,15,23,9,69,28,10,15,23,11,69,30,12
0,68,24,1,47,24,2,68,22,3,15,27,4,15,25,5,47,26,6,68,26,7,131,25,8,16,29,9,69,28,10,16,29,11,69,30,12
0,68,24,1,47,24,2,68,22,3,131,23,4,15,27,5,47,26,6,68,26,7,69,30,8,131,23,9,16,29,10,131,23,11,16,29,12
0,68,24,1,47,24,2,68,22,3,15,27,4,15,25,5,47,26,6,68,26,7,131,25,8,16,29,9,69,28,10,16,29,11,69,30,12
0,20,20,1,83,18,2,18,18,3,18,20,4,20,22,5,83,20,6,18,22,7,83,22,8,18,18,9,19,23,10,18,18,11,19,25,12
0,20,20,1,83,24,2,20,22,3,83,26,4,19,25,5,19,27,6,83,28,7,19,29,8,18,22,9,21,25,10,18,22,11,21,27,12
0,20,20,1,83,24,2,20,22,3,83,26,4,19,25,5,21,25,6,83,28,7,19,29,8,18,22,9,21,27,10,18,22,11,21,29,12
0,113,22,1,113,23,2,113,24,3,113,21,4,113,25,5,113,20,6,113,19,7,113,26,8,113,18,9,113,27,10,113,17,11,113,28,12
0,18,3,1,55,3,2,18,4,3,55,4,4,18,2,5,55,2,6,20,3,7,20,5,8,18,5,9,55,5,10,18,5,11,55,5,12
0,55,32,1,21,40,2,55,34,3,20,34,4,26,32,5,26,34,6,56,42,7,27,44,8,20,32,9,21,42,10,20,32,11,21,44,12
0,12,7,1,9,7,2,15,11,3,68,12,4,68,13,5,62,10,6,15,13,7,68,14,8,10,8,9,62,8,10,13,8,11,62,12,12
0,12,8,1,9,8,2,15,13,3,68,14,4,68,13,5,62,11,6,15,11,7,68,12,8,10,9,9,62,9,10,13,9,11,62,13,12
0,176,15,1,20,44,2,192,18,3,182,15,4,21,49,5,51,43,6,201,25,7,78,41,8,176,20,9,52,49,10,176,20,11,52,52,12
0,110,25,1,28,22,2,101,24,3,101,25,4,47,22,5,29,31,6,32,31,7,46,30,8,47,22,9,126,23,10,47,22,11,112,23,12
0,28,24,1,83,26,2,101,23,3,101,25,4,45,22,5,29,33,6,31,24,7,46,25,8,45,22,9,114,25,10,45,22,11,126,28,12
0,110,26,1,28,30,2,101,25,3,101,27,4,45,23,5,29,30,6,32,30,7,48,32,8,45,23,9,112,26,10,45,23,11,127,28,12
0,83,26,1,28,22,2,101,25,3,101,27,4,47,23,5,29,30,6,31,30,7,48,32,8,47,23,9,127,25,10,47,23,11,114,28,12
0,78,27,1,78,29,2,78,31,3,40,22,4,40,22,5,40,24,6,41,26,7,41,28,8,78,33,9,40,26,10,78,26,11,41,30,12
0,78,29,1,78,31,2,85,28,3,40,22,4,40,22,5,40,24,6,41,26,7,41,28,8,79,33,9,40,26,10,79,35,11,41,30,12
0,78,30,1,78,32,2,85,30,3,85,32,4,40,22,5,40,24,6,41,26,7,79,34,8,79,32,9,41,28,10,79,32,11,41,30,12
0,85,30,1,85,32,2,78,32,3,78,30,4,79,32,5,40,24,6,41,26,7,79,34,8,86,32,9,41,28,10,86,34,11,41,30,12
0,85,30,1,85,32,2,78,32,3,85,34,4,79,32,5,41,26,6,86,34,7,79,34,8,86,36,9,41,28,10,86,36,11,41,30,12
0,20,44,1,160,10,2,230,10,3,21,48,4,160,15,5,51,41,6,21,50,7,78,41,8,230,15,9,52,47,10,230,15,11,52,50,12
0,73,46,1,230,15,2,103,46,3,21,50,4,104,52,5,51,43,6,94,54,7,21,50,8,245,15,9,52,49,10,245,20,11,52,52,12
0,200,25,1,200,25,2,200,25,3,200,25,4,200,25,5,200,25,6,200,25,7,200,25,8,200,25,9,200,25,10,200,25,11,200,25,12
0,205,15,1,205,15,2,205,10,3,205,10,4,205,20,5,205,20,6,205,25,7,205,30,8,205,25,9,205,30,10,205,5,11,205,35,12
0,20,32,1,113,33,2,20,31,3,113,35,4,21,36,5,51,31,6,21,38,7,78,31,8,21,40,9,52,37,10,21,40,11,52,40,12
0,65,32,1,73,32,2,94,40,3,94,43,4,94,46,5,40,32,6,27,44,7,41,44,8,104,44,9,66,44,10,66,46,11,104,46,12
0,65,34,1,73,34,2,56,42,3,94,45,4,94,48,5,40,34,6,27,46,7,41,46,8,104,46,9,66,46,10,66,48,11,104,48,12
0,65,32,1,73,32,2,94,40,3,94,43,4,94,46,5,40,32,6,27,44,7,41,44,8,104,44,9,66,44,10,66,46,11,104,46,12
0,9,4,1,12,4,2,9,5,3,12,5,4,9,3,5,12,3,6,13,5,7,10,5,8,10,4,9,24,3,10,10,6,11,24,5,12
0,20,44,1,160,10,2,68,44,3,21,48,4,160,15,5,51,41,6,69,48,7,78,41,8,21,50,9,52,47,10,21,50,11,52,50,12
