0,78,5,20,1,78,20,35,3,78,35,40,5,79,35,40,7,79,35,40,9
0,71,5,20,1,71,20,35,3,71,35,40,5,72,35,40,7,72,35,40,9
0,78,5,20,1,78,20,35,3,78,35,40,5,79,35,40,7,79,35,40,9
0,78,5,10,1,78,10,20,3,78,20,30,5,78,30,40,7,108,30,40,9
0,78,30,40,1,79,40,50,3,79,45,55,5,78,40,50,7,78,40,50,9
0,78,40,50,1,79,50,60,3,79,55,65,5,78,50,60,7,78,50,60,9
0,71,5,10,1,71,10,20,3,71,20,30,5,71,30,35,7,71,35,40,9
0,71,5,10,1,71,10,20,3,71,20,30,5,71,30,35,7,71,35,40,9
0,71,5,35,1,186,5,15,3,71,35,40,5,72,35,40,7,72,35,40,9
0,71,5,35,1,186,5,15,3,71,35,40,5,72,35,40,7,72,35,40,9
0,182,5,15,1,78,5,35,3,182,15,25,5,182,15,25,7,182,15,25,9
0,78,20,25,1,78,20,25,3,78,25,30,5,78,30,35,7,78,35,40,9
0,71,5,20,1,71,20,35,3,71,35,40,5,72,35,40,7,72,35,40,9
0,85,5,35,1,78,5,35,3,86,35,40,5,182,5,15,7,182,5,15,9
0,71,5,20,1,71,20,35,3,71,35,45,5,72,35,45,7,130,30,45,9
0,71,5,20,1,71,20,35,3,71,35,40,5,72,35,40,7,72,35,40,9
0,71,5,35,1,186,5,15,3,71,35,40,5,72,35,40,7,72,35,40,9
0,71,5,20,1,71,20,35,3,71,35,40,5,72,35,40,7,72,35,40,9
0,71,5,20,1,71,20,35,3,71,35,40,5,72,35,40,7,72,35,40,9
0,71,5,10,1,71,10,20,3,71,20,30,5,71,30,35,7,71,35,40,9
0,71,5,35,1,186,5,15,3,71,35,40,5,72,35,40,7,72,35,40,9
0,71,5,10,1,71,10,20,3,71,20,30,5,71,30,35,7,71,35,40,9
0,78,20,25,1,78,20,25,3,78,25,30,5,78,30,35,7,78,35,40,9
0,71,5,10,1,71,10,20,3,71,20,30,5,71,30,35,7,71,35,40,9
0,71,5,10,1,71,10,20,3,71,20,30,5,71,30,35,7,71,35,40,9
0,71,5,10,1,71,10,20,3,71,20,30,5,71,30,35,7,71,35,40,9
0,71,5,10,1,71,10,20,3,71,20,30,5,71,30,35,7,71,35,40,9
0,71,5,10,1,71,10,20,3,71,20,30,5,71,30,35,7,71,35,40,9
0,71,5,10,1,71,10,20,3,71,20,30,5,71,30,35,7,71,35,40,9
0,71,5,10,1,71,10,20,3,71,20,30,5,71,30,35,7,71,35,40,9
0,78,20,25,1,78,20,25,3,78,25,30,5,78,30,35,7,78,35,40,9
0,78,20,25,1,78,20,25,3,78,25,30,5,78,30,35,7,78,35,40,9
0,71,5,10,1,71,10,20,3,71,20,30,5,71,30,35,7,71,35,40,9
0,78,20,25,1,78,20,25,3,78,25,30,5,78,30,35,7,78,35,40,9
0,182,5,20,1,182,10,20,3,182,15,25,5,182,20,25,7,182,20,25,9
0,71,5,10,1,71,10,20,3,71,20,30,5,71,30,35,7,71,35,40,9
0,78,20,25,1,78,20,25,3,78,25,30,5,78,30,35,7,78,35,40,9
0,78,20,25,1,78,20,25,3,78,25,30,5,78,30,35,7,78,35,40,9
0,78,20,25,1,78,20,25,3,78,25,30,5,78,30,35,7,78,35,40,9
0,78,20,25,1,78,20,25,3,78,25,30,5,78,30,35,7,78,35,40,9
0,85,25,35,1,97,25,30,3,86,35,40,5,78,30,40,7,79,35,40,9
0,85,25,35,1,97,25,30,3,86,35,40,5,78,30,40,7,79,35,40,9
0,71,5,20,1,71,20,35,3,225,35,40,5,72,35,40,7,72,35,40,9
0,71,5,20,1,71,20,35,3,225,35,40,5,72,35,40,7,72,35,40,9
0,71,5,20,1,71,20,35,3,71,35,40,5,72,35,40,7,72,35,40,9
0,71,5,10,1,71,10,20,3,71,20,30,5,71,30,35,7,71,35,40,9
0,78,20,25,1,78,20,25,3,78,25,30,5,78,30,35,7,78,35,40,9
0,71,5,35,1,186,5,15,3,71,35,40,5,72,35,40,7,72,35,40,9
0,71,5,20,1,71,20,35,3,71,35,40,5,72,35,40,7,72,35,40,9
