0,73,30,40,1,74,40,50,3,74,45,55,5,73,40,50,7,73,40,50,9
0,73,35,45,1,74,45,55,3,74,50,60,5,73,45,55,7,73,45,55,9
0,73,40,50,1,74,50,60,3,74,55,65,5,73,50,60,7,73,50,60,9
0,73,5,20,1,73,10,20,3,73,15,30,5,74,25,40,7,74,30,40,9
0,73,5,20,1,73,10,20,3,73,15,30,5,74,25,40,7,74,30,40,9
0,73,25,35,1,74,30,45,3,74,30,50,5,73,30,40,7,73,30,40,9
0,73,25,35,1,74,30,45,3,74,30,50,5,73,30,40,7,73,30,40,9
0,73,25,35,1,74,30,45,3,74,30,50,5,73,30,40,7,73,30,40,9
0,217,15,25,1,217,25,35,3,218,40,45,5,218,35,45,7,218,25,35,9
0,73,5,20,1,73,10,20,3,73,15,30,5,74,25,40,7,74,30,40,9
0,73,5,20,1,73,10,20,3,73,15,30,5,74,25,40,7,74,30,40,9
0,73,25,35,1,74,30,45,3,74,30,50,5,73,30,40,7,73,30,40,9
