0,53,5,20,1,53,20,35,3,53,35,40,5,54,35,40,7,54,35,40,9
0,71,5,20,1,71,20,35,3,71,35,40,5,72,35,40,7,72,35,40,9
0,53,5,20,1,53,20,35,3,53,35,40,5,54,35,40,7,54,35,40,9
0,53,5,10,1,53,10,20,3,53,20,30,5,53,30,40,7,108,30,40,9
0,53,30,40,1,54,40,50,3,54,45,55,5,53,40,50,7,53,40,50,9
0,53,40,50,1,54,50,60,3,54,55,65,5,53,50,60,7,53,50,60,9
0,71,5,10,1,71,10,20,3,71,20,30,5,71,30,35,7,71,35,40,9
0,71,5,10,1,71,10,20,3,71,20,30,5,71,30,35,7,71,35,40,9
0,71,5,35,1,186,5,15,3,71,35,40,5,72,35,40,7,72,35,40,9
0,71,5,35,1,186,5,15,3,71,35,40,5,72,35,40,7,72,35,40,9
0,193,5,15,1,53,5,35,3,193,15,25,5,193,15,25,7,193,15,25,9
0,53,20,25,1,53,20,25,3,53,25,30,5,53,30,35,7,53,35,40,9
0,71,5,20,1,71,20,35,3,71,35,40,5,72,35,40,7,72,35,40,9
0,71,5,20,1,71,20,35,3,71,35,45,5,72,35,45,7,130,30,45,9
0,85,5,35,1,53,5,35,3,86,35,40,5,193,5,15,7,193,5,15,9
0,71,5,20,1,71,20,35,3,71,35,40,5,72,35,40,7,72,35,40,9
0,71,5,35,1,186,5,15,3,71,35,40,5,72,35,40,7,72,35,40,9
0,71,5,20,1,71,20,35,3,71,35,40,5,72,35,40,7,72,35,40,9
0,71,5,20,1,71,20,35,3,71,35,40,5,72,35,40,7,72,35,40,9
0,71,5,10,1,71,10,20,3,71,20,30,5,71,30,35,7,71,35,40,9
0,71,5,20,1,186,5,15,3,71,35,40,5,72,35,40,7,72,35,40,9
0,71,5,10,1,71,10,20,3,71,20,30,5,71,30,35,7,71,35,40,9
0,71,5,10,1,71,10,20,3,71,20,30,5,71,30,35,7,71,35,40,9
0,71,5,10,1,71,10,20,3,71,20,30,5,71,30,35,7,71,35,40,9
0,71,5,10,1,71,10,20,3,71,20,30,5,71,30,35,7,71,35,40,9
0,71,5,10,1,71,10,20,3,71,20,30,5,71,30,35,7,71,35,40,9
0,71,5,10,1,71,10,20,3,71,20,30,5,71,30,35,7,71,35,40,9
0,71,5,10,1,71,10,20,3,71,20,30,5,71,30,35,7,71,35,40,9
0,53,20,25,1,53,20,25,3,53,25,30,5,53,30,35,7,53,35,40,9
0,53,20,25,1,53,20,25,3,53,25,30,5,53,30,35,7,53,35,40,9
0,71,5,10,1,71,10,20,3,71,20,30,5,71,30,35,7,71,35,40,9
0,53,20,25,1,53,20,25,3,53,25,30,5,53,30,35,7,53,35,40,9
0,71,5,10,1,71,10,20,3,71,20,30,5,71,30,35,7,71,35,40,9
0,53,20,25,1,53,20,25,3,53,25,30,5,53,30,35,7,53,35,40,9
0,193,5,20,1,193,10,20,3,193,15,25,5,193,20,25,7,193,20,25,9
0,71,5,10,1,71,10,20,3,71,20,30,5,71,30,35,7,71,35,40,9
0,53,20,25,1,53,20,25,3,53,25,30,5,53,30,35,7,53,35,40,9
0,53,20,25,1,53,20,25,3,53,25,30,5,53,30,35,7,53,35,40,9
0,53,20,25,1,53,20,25,3,53,25,30,5,53,30,35,7,53,35,40,9
0,53,20,25,1,53,20,25,3,53,25,30,5,53,30,35,7,53,35,40,9
0,85,25,35,1,115,25,30,3,86,35,40,5,53,30,40,7,54,35,40,9
0,85,25,35,1,115,25,30,3,86,35,40,5,53,30,40,7,54,35,40,9
0,71,5,20,1,71,20,35,3,71,35,40,5,72,35,40,7,72,35,40,9
0,71,5,20,1,71,20,35,3,71,35,40,5,72,35,40,7,72,35,40,9
0,71,5,20,1,71,20,35,3,71,35,40,5,72,35,40,7,72,35,40,9
0,71,5,10,1,71,10,20,3,71,20,30,5,71,30,35,7,71,35,40,9
0,53,20,25,1,53,20,25,3,53,25,30,5,53,30,35,7,53,35,40,9
0,71,5,35,1,186,5,15,3,71,35,40,5,72,35,40,7,72,35,40,9
0,71,5,20,1,71,20,35,3,71,35,40,5,72,35,40,7,72,35,40,9
